"","id","f1ced01","h1ced01","j1ced01","k1ced01","m1ced01"
"1",1019,2,2,NA,1,1
"2",1021,1,2,1,1,2
"3",1025,NA,1,1,1,1
"4",1026,NA,2,3,4,3
"5",1027,NA,2,1,NA,2
"6",1028,1,NA,NA,NA,1
"7",1032,NA,2,1,1,1
"8",1033,1,2,1,1,2
"9",1036,2,2,NA,2,3
"10",1043,NA,NA,NA,NA,2
"11",1134,NA,NA,1,2,1
"12",1151,2,2,2,3,2
"13",1158,2,2,2,2,2
"14",1159,NA,NA,NA,NA,2
"15",1160,NA,NA,NA,NA,3
"16",1163,NA,1,1,1,1
"17",1168,2,3,2,NA,1
"18",1171,NA,4,2,NA,1
"19",1267,NA,1,1,NA,2
"20",1268,2,1,1,1,1
"21",1270,NA,2,NA,NA,3
"22",1274,NA,1,NA,1,1
"23",1275,NA,NA,NA,NA,1
"24",1276,NA,2,2,2,2
"25",1277,NA,2,2,2,2
"26",1278,1,NA,NA,NA,2
"27",1289,1,1,2,2,3
"28",1290,2,2,3,NA,1
"29",1292,NA,NA,2,NA,1
"30",1295,2,1,1,1,1
"31",1300,3,2,1,1,2
"32",1311,NA,NA,2,1,1
"33",1323,NA,2,1,NA,3
"34",1325,NA,NA,2,2,1
"35",1327,2,2,2,1,2
"36",1328,1,1,2,NA,1
"37",1334,2,1,2,1,2
"38",1335,NA,1,2,1,1
"39",1339,2,NA,2,2,1
"40",1341,1,1,1,NA,1
"41",1344,NA,1,1,1,1
"42",1357,1,2,1,NA,2
"43",1359,NA,NA,2,2,1
"44",1361,NA,3,NA,3,3
"45",1364,1,2,1,1,2
"46",1368,NA,NA,1,1,1
"47",1379,NA,NA,NA,NA,2
"48",1383,NA,NA,2,2,3
"49",1386,1,1,2,1,1
"50",1389,1,1,2,2,3
"51",1399,1,4,2,3,4
"52",1406,NA,NA,NA,2,2
"53",1413,NA,NA,1,1,1
"54",1415,NA,NA,NA,1,2
"55",1418,NA,NA,NA,NA,1
"56",1419,NA,2,3,1,1
"57",1422,NA,NA,1,NA,1
"58",1431,NA,NA,NA,NA,2
"59",1432,NA,NA,1,1,2
"60",1434,NA,NA,1,NA,2
"61",1435,1,1,2,1,1
"62",1452,NA,3,3,1,2
"63",1456,NA,3,2,3,3
"64",1457,3,4,NA,3,2
"65",1458,NA,2,1,2,1
"66",1459,3,NA,NA,2,1
"67",1465,2,3,3,1,1
"68",1467,NA,3,1,2,1
"69",1472,1,1,2,1,1
"70",1475,2,1,2,NA,2
"71",1477,2,2,NA,2,2
"72",1479,2,2,1,2,2
"73",1483,NA,1,1,1,1
"74",1495,NA,NA,1,2,2
"75",1501,NA,NA,NA,NA,4
"76",1506,1,2,2,1,2
"77",1510,NA,2,2,NA,2
"78",1511,NA,2,NA,1,1
"79",1512,1,2,2,NA,1
"80",1514,NA,NA,NA,NA,2
"81",1516,NA,NA,NA,NA,2
"82",1528,NA,NA,NA,1,1
"83",1530,NA,2,3,4,1
"84",1534,NA,NA,NA,NA,1
"85",1539,NA,1,1,NA,1
"86",1542,NA,NA,NA,NA,1
"87",1553,1,1,1,2,1
"88",1554,2,2,2,2,3
"89",1567,NA,2,1,1,1
"90",1572,NA,NA,2,NA,3
"91",1578,NA,2,2,1,1
"92",1580,NA,1,1,1,1
"93",1581,NA,NA,NA,NA,1
"94",1582,2,NA,2,4,4
"95",1584,NA,NA,NA,NA,1
"96",1594,NA,2,3,NA,2
"97",1597,NA,1,1,1,1
"98",1601,NA,2,NA,NA,2
"99",1607,NA,1,2,2,2
"100",1609,NA,NA,NA,2,2
"101",1610,NA,2,1,1,1
"102",1613,1,1,1,1,1
"103",1615,NA,1,NA,NA,3
"104",1617,NA,1,NA,NA,2
"105",1623,NA,NA,1,1,1
"106",1624,1,NA,3,3,3
"107",1625,1,NA,1,2,1
"108",1629,NA,2,1,1,3
"109",1633,1,1,2,3,2
"110",1634,1,1,NA,1,2
"111",1635,2,NA,2,NA,2
"112",1641,NA,1,3,2,3
"113",1648,NA,NA,2,3,2
"114",1651,NA,NA,NA,NA,2
"115",1655,NA,NA,4,4,3
"116",1659,3,3,NA,NA,1
"117",1666,NA,3,1,1,1
"118",1668,3,NA,NA,2,2
"119",1669,NA,1,2,1,1
"120",1670,NA,1,NA,NA,2
"121",1672,NA,NA,NA,1,2
"122",1674,NA,NA,3,3,3
"123",1677,2,1,2,1,1
"124",1678,1,1,2,1,1
"125",1679,NA,NA,1,1,1
"126",1680,NA,1,2,2,2
"127",1683,NA,1,2,2,2
"128",1687,1,1,1,2,1
"129",1690,NA,2,1,1,1
"130",1692,NA,NA,NA,1,1
"131",1696,2,2,NA,1,1
"132",1698,NA,1,3,4,2
"133",1703,NA,NA,1,NA,2
"134",1707,NA,NA,4,NA,2
"135",1712,NA,1,1,1,1
"136",1717,1,NA,1,1,1
"137",1718,NA,2,2,2,1
"138",1719,2,NA,2,3,2
"139",1721,1,1,1,1,1
"140",1729,1,1,NA,1,1
"141",1730,NA,1,1,1,2
"142",1733,NA,3,3,NA,3
"143",1736,NA,NA,1,1,1
"144",1742,3,3,3,4,3
"145",1751,1,1,NA,NA,1
"146",1769,2,2,1,1,2
"147",1773,1,2,1,1,1
"148",1775,NA,1,1,2,2
"149",1776,NA,NA,2,2,3
"150",1781,NA,NA,NA,3,2
"151",1802,NA,NA,NA,2,3
"152",1804,NA,NA,3,1,1
"153",1805,2,1,2,4,2
"154",1811,2,1,3,NA,3
"155",1818,1,1,1,3,2
"156",1823,1,NA,NA,2,3
"157",1826,NA,NA,1,NA,2
"158",1831,1,NA,NA,NA,2
"159",1857,NA,2,1,2,2
"160",1862,2,2,3,3,2
"161",1863,NA,1,1,3,3
"162",1867,NA,NA,1,1,1
"163",1876,NA,NA,3,3,1
"164",1877,NA,1,1,2,1
"165",1880,NA,2,2,NA,2
"166",1881,NA,2,2,1,1
"167",1882,NA,NA,2,1,1
"168",1884,NA,NA,1,1,1
"169",1886,NA,1,1,1,1
"170",1887,NA,NA,2,2,2
"171",1889,NA,2,NA,2,3
"172",1891,NA,2,1,NA,1
"173",1893,2,2,1,1,1
"174",1898,NA,NA,NA,NA,2
"175",1900,2,2,1,NA,1
"176",1908,NA,NA,1,1,1
"177",1915,2,1,1,1,1
"178",1916,NA,NA,NA,NA,2
"179",1917,1,9,3,1,1
"180",1920,NA,3,1,1,2
"181",1924,9,2,NA,1,1
"182",1928,NA,NA,1,1,1
"183",1931,NA,1,2,1,1
"184",1933,4,4,3,1,2
"185",1936,NA,NA,2,1,2
"186",1942,NA,1,4,NA,1
"187",1945,1,1,1,2,2
"188",1946,3,2,2,NA,2
"189",1948,NA,1,3,NA,1
"190",1953,2,1,NA,NA,1
"191",1957,NA,NA,NA,2,1
"192",1958,NA,NA,NA,NA,1
"193",1962,1,2,2,1,2
"194",1964,NA,1,1,1,1
"195",1971,1,NA,2,1,2
"196",1972,1,2,1,1,NA
"197",1973,2,2,2,2,2
"198",1975,2,3,1,1,3
"199",1982,9,1,1,1,1
"200",1984,NA,NA,1,NA,1
"201",1989,NA,NA,2,NA,1
"202",1993,NA,NA,1,1,1
"203",1998,NA,NA,1,NA,1
"204",2000,NA,NA,2,NA,2
"205",2007,1,1,NA,1,2
"206",2008,NA,1,2,NA,2
"207",2018,NA,3,2,1,2
"208",2020,1,2,3,3,2
"209",2021,2,1,1,1,1
"210",2036,NA,1,1,1,1
"211",2042,2,3,2,2,2
"212",2043,4,NA,NA,3,1
"213",2054,NA,3,1,NA,3
"214",2056,NA,NA,1,NA,2
"215",2057,2,3,1,2,2
"216",2060,4,3,2,3,NA
"217",2062,2,2,2,1,1
"218",2073,2,3,NA,NA,3
"219",2076,3,2,2,1,2
"220",2080,NA,NA,NA,1,1
"221",2086,NA,NA,NA,NA,1
"222",2088,NA,NA,NA,NA,3
"223",2090,NA,1,1,1,1
"224",2091,NA,NA,2,2,2
"225",2095,1,2,1,NA,1
"226",2098,NA,1,1,1,1
"227",2102,1,1,2,1,1
"228",2109,1,2,3,NA,2
"229",2111,1,1,1,1,1
"230",2115,1,1,NA,NA,1
"231",2125,NA,NA,NA,1,1
"232",2127,1,2,2,1,2
"233",2128,NA,2,NA,NA,2
"234",2130,NA,NA,2,2,2
"235",2131,NA,NA,2,NA,1
"236",2137,NA,1,2,1,1
"237",2140,1,1,1,1,1
"238",2141,NA,1,NA,NA,1
"239",2142,2,2,2,1,1
"240",2144,NA,1,2,2,1
"241",2145,1,NA,1,2,2
"242",2148,NA,2,NA,NA,1
"243",2160,NA,NA,1,2,2
"244",2161,NA,1,1,1,2
"245",2180,1,2,2,3,1
"246",2181,NA,1,1,2,2
"247",2184,NA,NA,2,2,2
"248",2186,NA,NA,3,4,4
"249",2189,NA,NA,1,1,1
"250",2196,NA,NA,1,1,1
"251",2202,NA,NA,4,3,2
"252",2203,NA,NA,3,4,3
"253",2215,NA,NA,2,NA,2
"254",2218,NA,1,1,2,1
"255",2219,NA,1,1,2,1
"256",2223,NA,1,1,2,2
"257",2229,1,1,1,3,2
"258",2232,2,2,1,3,2
"259",2234,NA,1,2,1,1
"260",2236,1,1,2,1,2
"261",2242,1,1,1,1,1
"262",2246,NA,2,3,NA,2
"263",2249,NA,1,1,1,1
"264",2251,NA,1,1,NA,1
"265",2257,NA,1,2,1,1
"266",2258,1,2,1,1,2
"267",2265,NA,NA,NA,NA,1
"268",2268,NA,2,1,NA,2
"269",2276,NA,4,NA,NA,3
"270",2277,NA,2,2,3,2
"271",2288,1,1,2,2,2
"272",2302,1,1,1,1,1
"273",2305,NA,2,3,2,1
"274",2312,NA,1,3,1,1
"275",2315,1,2,3,2,2
"276",2316,NA,1,NA,NA,1
"277",2317,NA,1,2,1,2
"278",2318,NA,NA,NA,NA,1
"279",2320,NA,1,NA,NA,1
"280",2321,NA,NA,NA,1,1
"281",2333,NA,3,1,1,1
"282",2347,NA,1,1,1,1
"283",2359,NA,NA,NA,NA,1
"284",2363,NA,NA,1,2,3
"285",2380,2,1,1,1,3
"286",2389,NA,4,1,1,NA
"287",2391,NA,1,2,1,1
"288",2399,NA,NA,NA,NA,2
"289",2400,1,1,1,1,1
"290",2407,NA,2,1,2,1
"291",2410,NA,NA,2,3,1
"292",2413,NA,1,2,1,1
"293",2414,NA,NA,NA,NA,2
"294",2416,3,3,2,4,3
"295",2420,2,NA,1,1,1
"296",2425,NA,1,1,3,2
"297",2427,2,1,2,1,1
"298",2430,2,1,NA,NA,2
"299",2437,3,3,3,2,2
"300",2439,1,1,3,1,3
"301",2440,1,2,1,1,1
"302",2444,NA,NA,4,NA,2
"303",2448,NA,2,1,1,1
"304",2451,NA,2,1,2,2
"305",2466,NA,4,3,3,4
"306",2476,NA,1,1,2,1
"307",2478,NA,NA,NA,NA,2
"308",2484,NA,NA,NA,1,1
"309",2486,NA,1,1,1,1
"310",2488,NA,1,NA,2,1
"311",2491,NA,2,2,1,2
"312",2494,NA,1,1,1,1
"313",2498,NA,2,2,2,2
"314",2502,NA,2,1,2,1
"315",2503,NA,1,2,1,1
"316",2509,NA,NA,NA,NA,2
"317",2513,3,3,2,NA,3
"318",2520,NA,1,3,2,1
"319",2526,NA,NA,2,1,2
"320",2527,NA,2,2,1,1
"321",2531,2,1,2,1,1
"322",2532,1,2,2,NA,2
"323",2534,NA,3,3,3,4
"324",2535,NA,2,2,2,3
"325",2543,NA,2,1,1,1
"326",2545,NA,1,1,2,1
"327",2547,NA,1,1,NA,3
"328",2548,NA,2,1,4,2
"329",2566,NA,NA,3,NA,3
"330",2572,NA,2,NA,1,1
"331",2573,2,2,1,1,2
"332",2578,NA,1,1,1,1
"333",2583,NA,1,1,2,2
"334",2584,NA,1,3,2,2
"335",2586,NA,1,1,1,2
"336",2588,NA,1,2,4,1
"337",2591,1,1,1,1,1
"338",2594,NA,NA,2,2,1
"339",2599,NA,NA,1,2,2
"340",2602,1,1,2,1,2
"341",2603,NA,1,1,1,1
"342",2608,1,3,3,3,2
"343",2609,2,1,NA,2,1
"344",2611,NA,2,2,NA,1
"345",2613,1,NA,NA,2,2
"346",2618,NA,3,NA,NA,2
"347",2624,NA,1,1,1,1
"348",2626,1,2,2,2,1
"349",2628,NA,NA,2,NA,2
"350",2634,NA,NA,1,1,1
"351",2635,NA,NA,1,NA,2
"352",2636,NA,2,1,2,2
"353",2640,1,NA,NA,1,1
"354",2646,NA,1,1,NA,1
"355",2650,3,3,3,3,3
"356",2652,NA,NA,2,2,1
"357",2659,NA,NA,NA,NA,2
"358",2663,NA,1,1,1,1
"359",2673,NA,1,1,NA,1
"360",2675,NA,1,2,2,2
"361",2680,NA,2,NA,NA,2
"362",2683,NA,1,NA,1,1
"363",2685,1,1,NA,NA,1
"364",2687,NA,1,1,1,1
"365",2694,NA,3,2,3,2
"366",2698,NA,NA,2,1,1
"367",2707,NA,1,1,NA,1
"368",2708,NA,1,1,1,1
"369",2713,NA,1,NA,1,1
"370",2728,NA,NA,1,2,1
"371",2731,NA,2,2,2,2
"372",2735,NA,NA,2,2,2
"373",2739,NA,1,1,2,2
"374",2740,1,3,1,2,4
"375",2741,3,1,1,1,2
"376",2748,NA,1,NA,NA,3
"377",2751,NA,NA,3,NA,4
"378",2755,1,1,1,2,1
"379",2758,1,1,1,1,1
"380",2759,NA,2,NA,2,2
"381",2760,NA,NA,NA,3,2
"382",2762,NA,NA,1,1,1
"383",2763,NA,2,2,2,1
"384",2764,1,NA,NA,NA,1
"385",2765,NA,NA,2,NA,2
"386",2776,NA,1,3,NA,4
"387",2780,NA,NA,1,1,2
"388",2782,NA,NA,NA,1,1
"389",2784,NA,NA,2,2,1
"390",2795,NA,NA,NA,NA,2
"391",2801,NA,2,1,NA,1
"392",2805,NA,NA,3,NA,2
"393",2806,NA,1,3,NA,2
